64
-20 -27.7815 0.493297
-18 -25.7815 0.489496
-16 -23.7815 0.485794
-14 -21.7815 0.482893
-12 -19.7815 0.472989
-10 -17.7815 0.466887
-8 -15.7815 0.455482
-6 -13.7815 0.441977
-4 -11.7815 0.420068
-2 -9.78151 0.391757
0 -7.78151 0.360544
2 -5.78151 0.327731
4 -3.78151 0.290816
6 -1.78151 0.242397
8 0.218487 0.196078
10 2.21849 0.154162
12 4.21849 0.113545
14 6.21849 0.080032
16 8.21849 0.0481192
18 10.2185 0.0234094
20 12.2185 0.0090036
22 14.2185 0.00230092
24 16.2185 0.00010004
26 18.2185 0
28 20.2185 0
30 22.2185 0
32 24.2185 0
34 26.2185 0
36 28.2185 0
38 30.2185 0
